0.1029945
0
0.205989
0
0.085828766
0
-0.03433149
0
-0.014304792
0
0.005721913
0
0.002384132
0
-0.0009536518
0
-0.0003973553
0
0.00015894196
0
0.00006622588
0
-0.000026490316
0
-0.000011037646
0
0.0000044150506
0
0.0000018396071
0
-0.00000073584124
0
-0.00000030660092
0
0.0000001226402
0
0.000000051100134
0
-0.000000020440032
0
-0.000000008516687
0
0.0000000034066718
0
0.000000001419448
0
-0.00000000056777844
0
-0.00000000023657457
0
0.000000000094629735
0
0.000000000039429095
0
-0.000000000015771624
0
-0.000000000006571517
0
0.0000000000026286028
0
0.0000000000010952524
0
-0.0000000000004381003
0
-0.00000000000018254198
0
0.00000000000007301669
0
0.000000000000030423645
0
-0.0000000000000121694486
0
-0.0000000000000050706035
0
0.0000000000000020282424
0
0.00000000000000084510076
0
-0.00000000000000033804037
0
-0.00000000000000014085012
0
0.000000000000000056340046
0
0.000000000000000023475014
0
-0.000000000000000009390006
0
-0.0000000000000000039125023
0
0.0000000000000000015649998
0
0.0000000000000000006520831
0
-0.0000000000000000002608334
0
0.1029945
0
0.205989
0
0.085828766
0
-0.03433149
0
-0.014304792
0
0.005721913
0
0.002384132
0
-0.0009536518
0
-0.0003973553
0
0.00015894196
0
0.00006622588
0
-0.000026490316
0
-0.000011037646
0
0.0000044150506
0
0.0000018396071
0
-0.00000073584124
0
